id,owner_id,creation_date,count,name,content
59641,klGQ8,2003/05/14 02:53:27,83,wsVrbb,trailing forethoughtfulness prelecture academization overemptiness endophragm Cryptocephala citriculturist interflux cottontail cecograph Turkophil frosting mongler Megatheriidae entangledly vivifier prooflessly improbable cinenegative
73950,pZ1T5,2019/05/11 16:14:05,1,vkhACbOlMpKPzWoe,prehypophysis supereligible overvehement cophosis cyclization nonignitible disallowableness overreaching ectorhinal peasantly strived stilpnosiderite anamnionic derate magirology seroreaction wat cicatricle superlie haustorium
95207,18Zhq,2023/04/21 08:43:07,31,talUrJYGgsUDSx,sminthurid butterfish untantalizing trinitroxylene floricultural Episcopally dietary otocariasis Culavamsa oolak baconweed Hornie Marpessa ringbark sexangle opposing ondagram certifiable spectrophobia upjerk
62428,UgGkw,2006/03/04 04:19:29,94,svhccRdUmetBpL,vatful wahine Guillermo bloodletting unbidable inspirer cranioclasm palebelly pneumony skippingly subhyaloid diverticulum ureteropyosis palmatifid incorruptly hypogenous mugience zebraic viduous mucoraceous
